Número de vezes que não foi encontrado caminho: 2

Número de Nós Percorridos	Comprimento do Caminho	Tempo de Execução

Busca em Profundidade
137			2215.646260425366			0.008977651596069336
144			2487.0663856350925			0.0029914379119873047
125			2110.9512246934946			0.0009992122650146484
157			2644.0055514573696			0.0069789886474609375
178			3028.4003762497628			0.022928237915039062
187			3453.2425982783916			0.007980108261108398
104			1819.1086383379322			0.0070154666900634766
90			1601.1539495889976			0.005985260009765625
96			1627.2956389422866			0.017952680587768555
148			2607.0475602135725			0.013961315155029297
104			1758.0448033655844			0.005984306335449219
92			1741.2303924839948			0.01196599006652832
105			1650.8645942617668			0.005984306335449219
89			1499.0231189920203			0.0069849491119384766
72			1277.4408983482915			0.017943620681762695
98			1729.4039711281973			0.009012460708618164
125			2229.873612766694			0.00803065299987793
32			481.7822442809468			0.0
124			2210.12523364487			0.01295018196105957
88			1669.9919688442958			0.007016897201538086
143			2464.0915765017467			0.003990888595581055
98			1782.1317304246722			0.014949798583984375
204			3612.3559830634777			0.009972572326660156
64			879.6958087101416			0.0009982585906982422
99			1687.6900355566636			0.004985332489013672

Busca em Largura por pontos
18			377.89225010709544			0.1536238193511963
27			510.7047443514677			0.7410182952880859
22			385.5474844623657			0.22144341468811035
34			743.843320450353			0.7001283168792725
11			215.0590800825853			0.005020856857299805
41			848.2103643433104			1.3544127941131592
48			956.5268592132799			2.7683537006378174
21			364.23925279201865			0.2147061824798584
22			447.2949543279617			0.37203431129455566
49			970.5176399729263			0.6871962547302246
30			589.5182989824839			0.2612953186035156
34			697.4005994209842			0.466825008392334
19			455.41329597143766			0.019981861114501953
30			538.014350955435			0.5954077243804932
17			394.5167249782793			0.04387545585632324
26			514.8095825223021			0.8916902542114258
16			353.3139795199242			0.03989219665527344
13			311.3678992995758			0.025923728942871094
25			527.8322202290542			0.729050874710083
21			429.13860648400356			0.27327537536621094
13			292.8482650399813			0.026892423629760742
15			363.89230190316164			0.008011817932128906
21			417.6404043602317			1.0542163848876953
17			317.1120269560646			0.0029926300048828125
29			622.3181067920452			0.45082998275756836

Busca em Largura por distância
20			371.39759045204875			0.176560640335083
27			499.0013308283095			0.5665192604064941
22			380.47938191019614			0.21844768524169922
36			679.6121123170993			0.36501073837280273
12			207.36926012617138			0.012002944946289062
43			811.6845399815264			1.1292674541473389
49			922.5870903679124			1.6160306930541992
21			364.23925279201865			0.11968874931335449
22			442.4968320743273			0.3091762065887451
51			943.8291326564859			0.8895959854125977
30			570.5827923618299			0.20445585250854492
35			681.5418793343845			0.5435545444488525
20			379.74841104558595			0.02596426010131836
30			532.8894934531762			0.41193461418151855
17			394.5167249782793			0.07480072975158691
27			491.7562562897939			0.525580883026123
16			350.4410772390691			0.0498652458190918
16			279.9973017926535			0.029921293258666992
25			520.3431836916147			0.5096645355224609
21			407.44387464662634			0.2613348960876465
14			257.9240425235909			0.036902666091918945
16			325.28095106206626			0.01894664764404297
24			375.807684693458			0.6385655403137207
17			309.57864417471365			0.0060198307037353516
29			604.9813865923943			0.5435769557952881

Busca Best First
18			375.35055805147016			0.0010461807250976562
28			523.3181396870312			0.0049839019775390625
22			417.4801050634007			0.00801396369934082
44			923.1527735586918			0.10575056076049805
12			213.12458245713697			0.0
55			1043.695331975383			0.17157340049743652
50			967.2094772257109			0.07880902290344238
22			411.346796081856			0.001032114028930664
22			442.4968320743273			0.00690460205078125
52			1025.4116212470503			0.04388117790222168
31			611.5246499824856			0.025920629501342773
39			818.0829090930621			0.6365532875061035
21			444.5688600641761			0.0010340213775634766
30			536.1478303600356			0.02887868881225586
17			409.70590829118686			0.0030345916748046875
29			572.4035277710183			0.002992868423461914
19			426.55702866993954			0.0009968280792236328
13			313.83574735276295			0.000997781753540039
32			644.7553574481242			0.003988742828369141
22			491.034962545025			0.0010302066802978516
14			258.2799810848624			0.0
16			325.7779877839194			0.0
23			386.0923982601161			0.0050203800201416016
19			358.9573430244306			0.001031637191772461
53			1083.9909563260617			0.35009765625

Busca Heurística A
18			375.35055805147016			0.0020303726196289062
28			523.3181396870312			0.004987239837646484
23			401.290379922598			0.004996299743652344
44			917.3785495164692			0.5525033473968506
12			213.12458245713697			0.0010223388671875
49			937.1193060894806			1.1070778369903564
49			928.7633842844378			2.3616867065429688
22			396.8052517751444			0.0029981136322021484
22			442.4968320743273			0.0019936561584472656
49			955.2010110214895			0.050858259201049805
31			592.4092650872603			0.02890157699584961
39			818.0829090930621			0.7649528980255127
21			424.9176339121541			0.002992391586303711
30			534.4408858528179			0.02396988868713379
17			408.9447829376586			0.0009968280792236328
28			504.5949583926731			0.002991914749145508
19			412.91955031084035			0.0019974708557128906
13			313.83574735276295			0.0009992122650146484
31			633.5073967380958			0.006980180740356445
21			410.21831466222864			0.0010347366333007812
14			257.9240425235909			0.0019960403442382812
16			325.7779877839194			0.0009975433349609375
23			386.0923982601161			0.005019664764404297
19			358.9573430244306			0.001033782958984375
51			1033.0609886782431			10.913295269012451

Busca Heurística A*
20			371.39759045204875			0.011999845504760742
27			499.0013308283095			0.04788541793823242
22			380.47938191019614			0.013988256454467773
36			679.6121123170993			0.1296548843383789
12			207.36926012617138			0.0
43			811.6845399815264			0.3001823425292969
49			922.5870903679124			1.4640848636627197
21			364.23925279201865			0.006980419158935547
22			442.4968320743273			0.011969327926635742
51			943.8291326564859			0.22938799858093262
30			570.5827923618299			0.04587817192077637
35			681.5418793343845			0.08178043365478516
20			379.74841104558595			0.01300358772277832
30			534.5964379603938			0.12969064712524414
17			394.5167249782793			0.007006645202636719
27			491.7562562897939			0.02293872833251953
16			350.4410772390691			0.005984067916870117
16			279.9973017926535			0.001994609832763672
25			520.3431836916147			0.08680367469787598
21			407.5752187717941			0.020943641662597656
14			257.9240425235909			0.001999378204345703
16			325.28095106206626			0.004984855651855469
24			379.7882740391196			0.05086183547973633
17			309.57864417471365			0.002994060516357422
29			607.1188765738307			0.10375475883483887
